0.000000000000000000e+00 0.000000000000000000e+00 0.000000000000000000e+00 0.000000000000000000e+00 0.000000000000000000e+00 0.000000000000000000e+00 0.000000000000000000e+00 0.000000000000000000e+00 0.000000000000000000e+00 0.000000000000000000e+00 0.000000000000000000e+00 0.000000000000000000e+00 0.000000000000000000e+00 0.000000000000000000e+00 0.000000000000000000e+00 0.000000000000000000e+00 0.000000000000000000e+00 0.000000000000000000e+00 0.000000000000000000e+00 0.000000000000000000e+00
0.000000000000000000e+00 3.612128924304440752e-03 7.091506435332235563e-03 1.031377316307749599e-02 1.317033684910310157e-02 1.557390239091369782e-02 1.746165763822499911e-02 1.879600713018862376e-02 1.956311639605796265e-02 1.976981143116247203e-02 1.943953486447596787e-02 1.860807728940816821e-02 1.731969878715259453e-02 1.562406097753214415e-02 1.357414952169403409e-02 1.122513202616813241e-02 8.633909510191656658e-03 5.859023246448239082e-03 2.960584875920654630e-03 0.000000000000000000e+00
0.000000000000000000e+00 7.091506435331812290e-03 1.392411721485995423e-02 2.025520043573481033e-02 2.587267323183808226e-02 3.060569936485450435e-02 3.433083738672951246e-02 3.697344135242608409e-02 3.850483994280130134e-02 3.893636541023855202e-02 3.831160287030568184e-02 3.669825503304793846e-02 3.418080558511445155e-02 3.085477617444324153e-02 2.682289788125566746e-02 2.219305670970644559e-02 1.707751242393764496e-02 1.159270951357444825e-02 5.859023246456293403e-03 0.000000000000000000e+00
0.000000000000000000e+00 1.031377316307917000e-02 2.025520043573248233e-02 2.947507427756087400e-02 3.766762972565689677e-02 4.458571784794146398e-02 5.004949148006507947e-02 5.394834946134868109e-02 5.623692697608893842e-02 5.692669584638584274e-02 5.607515004319012231e-02 5.377456777555660733e-02 5.014201168228244604e-02 4.531165088990924544e-02 3.942979298268452920e-02 3.265234505324874498e-02 2.514391370698582095e-02 1.707751242397529887e-02 8.633909510160825418e-03 0.000000000000000000e+00
0.000000000000000000e+00 1.317033684909814720e-02 2.587267323184685996e-02 3.766762972564828560e-02 4.816952976647986828e-02 5.706509029086978546e-02 6.412405956652794670e-02 6.920154307092700463e-02 7.223305849178145166e-02 7.322432463823796978e-02 7.223827378092860518e-02 6.938175981917771296e-02 6.479397904764565286e-02 5.863785813439736233e-02 5.109476651199355152e-02 4.236206085269951516e-02 3.265234505334612541e-02 2.219305670959163118e-02 1.122513202624130825e-02 0.000000000000000000e+00
0.000000000000000000e+00 1.557390239092573854e-02 3.060569936483201192e-02 4.458571784796927506e-02 5.706509029084729651e-02 6.767681907693294530e-02 7.614768066042650052e-02 8.230075209482758114e-02 8.604984694414628821e-02 8.738823414340912699e-02 8.637453213118510831e-02 8.311859126421392019e-02 7.776958976903383669e-02 7.050763344854808767e-02 6.153907359616204997e-02 5.109476651218213678e-02 3.942979298242202391e-02 2.682289788149232537e-02 1.357414952155629878e-02 0.000000000000000000e+00
0.000000000000000000e+00 1.746165763820032787e-02 3.433083738677625285e-02 5.004949148000297637e-02 6.412405956659231188e-02 7.614768066038035688e-02 8.581263759354676446e-02 9.291291057036077383e-02 9.733834920928494117e-02 9.906312377345009856e-02 9.813162096320049432e-02 9.464478354372088398e-02 8.874917170198108607e-02 8.062993121896579185e-02 7.050763344885227490e-02 5.863785813392940333e-02 4.531165089040357918e-02 3.085477617404089323e-02 1.562406097775615593e-02 0.000000000000000000e+00
0.000000000000000000e+00 1.879600713023248451e-02 3.697344135234222062e-02 5.394834946146367938e-02 6.920154307079688649e-02 8.230075209494840116e-02 9.291291057028150391e-02 1.008065876169354919e-01 1.058462637009204010e-01 1.079813065500350305e-01 1.072329457067837666e-01 1.036822777023847647e-01 9.746147790242279396e-02 8.874917170241118647e-02 7.776958976832408499e-02 6.479397904847088163e-02 5.014201168150009269e-02 3.418080558571869043e-02 1.731969878682458608e-02 0.000000000000000000e+00
0.000000000000000000e+00 1.956311639598805330e-02 3.850483994293579099e-02 5.623692697590142869e-02 7.223305849200212236e-02 8.604984694392113498e-02 9.733834920947750935e-02 1.058462637008028284e-01 1.114126604134430681e-01 1.139581893838928633e-01 1.134740670390109729e-01 1.100127555210893143e-01 1.036822777029317438e-01 9.464478354276710526e-02 8.311859126540099840e-02 6.938175981794265923e-02 5.377456777666307641e-02 3.669825503221953167e-02 1.860807728985065801e-02 0.000000000000000000e+00
0.000000000000000000e+00 1.976981143126431417e-02 3.893636541004189683e-02 5.692669584666253807e-02 7.322432463790531920e-02 8.738823414376381549e-02 9.906312377311519979e-02 1.079813065503027469e-01 1.139581893837390697e-01 1.168842743897475500e-01 1.167168526854042154e-01 1.134740670396463813e-01 1.072329457056233754e-01 9.813162096472426155e-02 8.637453212949118553e-02 7.223827378259020660e-02 5.607515004175148837e-02 3.831160287136128884e-02 1.943953486391820570e-02 0.000000000000000000e+00
0.000000000000000000e+00 1.943953486433891084e-02 3.831160287057082392e-02 5.607515004281506121e-02 7.223827378138492072e-02 8.637453213068635449e-02 9.813162096369468235e-02 1.072329457063461722e-01 1.134740670393409728e-01 1.167168526852249699e-01 1.168842743904264514e-01 1.139581893825993425e-01 1.079813065518127613e-01 9.906312377136740344e-02 8.738823414558877234e-02 7.322432463617555010e-02 5.692669584813173089e-02 3.893636540897513210e-02 1.976981143182498721e-02 0.000000000000000000e+00
0.000000000000000000e+00 1.860807728957970461e-02 3.669825503271577360e-02 5.377456777602783455e-02 6.938175981860013330e-02 8.311859126485446336e-02 9.464478354306886387e-02 1.036822777029921955e-01 1.100127555205808461e-01 1.134740670400097157e-01 1.139581893824122560e-01 1.114126604153450051e-01 1.058462636985893074e-01 9.733834921185403888e-02 8.604984694155543012e-02 7.223305849417482882e-02 5.623692697409453378e-02 3.850483994423029716e-02 1.956311639531273239e-02 0.000000000000000000e+00
0.000000000000000000e+00 1.731969878695213683e-02 3.418080558550282838e-02 5.014201168173042233e-02 6.479397904832517874e-02 7.776958976827344494e-02 8.874917170276754030e-02 9.746147790166874436e-02 1.036822777035968646e-01 1.072329457050949370e-01 1.079813065521715298e-01 1.058462636984138089e-01 1.008065876196898164e-01 9.291291056743684884e-02 8.230075209770455757e-02 6.920154306831342861e-02 5.394834946350195171e-02 3.697344135089459388e-02 1.879600713098404305e-02 0.000000000000000000e+00
0.000000000000000000e+00 1.562406097775087890e-02 3.085477617401910164e-02 4.531165089051287370e-02 5.863785813365219451e-02 7.050763344938637545e-02 8.062993121809002017e-02 8.874917170326554472e-02 9.464478354199050425e-02 9.813162096537537959e-02 9.906312377087539423e-02 9.733834921217150715e-02 9.291291056728961939e-02 8.581263759664514712e-02 7.614768065742968939e-02 6.412405956921779504e-02 5.004949147786744157e-02 3.433083738828390796e-02 1.746165763742031293e-02 0.000000000000000000e+00
0.000000000000000000e+00 1.357414952147179173e-02 2.682289788168693359e-02 3.942979298207013178e-02 5.109476651275327019e-02 6.153907359530443044e-02 7.050763344975390090e-02 7.776958976743468532e-02 8.311859126622442306e-02 8.637453212877915787e-02 8.738823414615691509e-02 8.604984694114725663e-02 8.230075209795433000e-02 7.614768065732036018e-02 6.767681907985644008e-02 5.706509028826876884e-02 4.458571785005333715e-02 3.060569936336714897e-02 1.557390239168172409e-02 0.000000000000000000e+00
0.000000000000000000e+00 1.122513202637637382e-02 2.219305670930216134e-02 3.265234505382507563e-02 4.236206085198587074e-02 5.109476651298959504e-02 5.863785813307691858e-02 6.479397904931773200e-02 6.938175981714947427e-02 7.223827378328907811e-02 7.322432463560021865e-02 7.223305849461120198e-02 6.920154306801624966e-02 6.412405956938915796e-02 5.706509028819879009e-02 4.816952976882098170e-02 3.766762972376494489e-02 2.587267323316629411e-02 1.317033684841855540e-02 0.000000000000000000e+00
0.000000000000000000e+00 8.633909510015551000e-03 1.707751242427960753e-02 2.514391370649804100e-02 3.265234505395076675e-02 3.942979298173670405e-02 4.531165089112902666e-02 5.014201168077610238e-02 5.377456777734614807e-02 5.607515004114242696e-02 5.692669584864258614e-02 5.623692697369506166e-02 5.394834946378879864e-02 5.004949147768376905e-02 4.458571785015187638e-02 3.766762972372807161e-02 2.947507427910731753e-02 2.025520043465175307e-02 1.031377316363495632e-02 0.000000000000000000e+00
0.000000000000000000e+00 5.859023246575821055e-03 1.159270951332658055e-02 1.707751242432912347e-02 2.219305670915257267e-02 2.682289788199059347e-02 3.085477617351260055e-02 3.418080558624739945e-02 3.669825503171832842e-02 3.831160287181146346e-02 3.893636540859331252e-02 3.850483994453398479e-02 3.697344135067034965e-02 3.433083738843482197e-02 3.060569936327757132e-02 2.587267323321007506e-02 2.025520043463736874e-02 1.392411721562554321e-02 7.091506434938588642e-03 0.000000000000000000e+00
0.000000000000000000e+00 2.960584875853730733e-03 5.859023246586410674e-03 8.633909509974923777e-03 1.122513202647220341e-02 1.357414952129408145e-02 1.562406097803441425e-02 1.731969878654569805e-02 1.860807729011574804e-02 1.943953486367908101e-02 1.976981143202900804e-02 1.956311639514903694e-02 1.879600713110657351e-02 1.746165763733586659e-02 1.557390239173409539e-02 1.317033684839054482e-02 1.031377316364671601e-02 7.091506434935564152e-03 3.612128924508010118e-03 0.000000000000000000e+00
0.000000000000000000e+00 0.000000000000000000e+00 0.000000000000000000e+00 0.000000000000000000e+00 0.000000000000000000e+00 0.000000000000000000e+00 0.000000000000000000e+00 0.000000000000000000e+00 0.000000000000000000e+00 0.000000000000000000e+00 0.000000000000000000e+00 0.000000000000000000e+00 0.000000000000000000e+00 0.000000000000000000e+00 0.000000000000000000e+00 0.000000000000000000e+00 0.000000000000000000e+00 0.000000000000000000e+00 0.000000000000000000e+00 0.000000000000000000e+00
